3.569914499893987795e+03 3.946534140570930958e+03 4.296675516553646048e+03 4.620423002206114688e+03 4.917713294376826525e+03 5.188342373427022721e+03 5.431972011380464210e+03 5.648136377593041288e+03 5.836248477091358836e+03 5.995606548888527868e+03 6.125400507264188491e+03 6.224718321139156615e+03 6.292552367212384524e+03 6.327805673772655609e+03 6.329298242210106764e+03 6.295773282604090127e+03 6.225903348469841148e+03 6.118296439727008874e+03 5.971501988482315028e+03 5.784016797721746116e+03
3.735079294568073692e+03 4.104861608940697806e+03 4.447741373930844929e+03 4.763744217915222180e+03 5.052747735879815991e+03 5.314488501426288167e+03 5.548568921501104342e+03 5.754464014606356614e+03 5.931528175955434563e+03 6.079001685080633251e+03 6.196017476111638643e+03 6.281607700169718555e+03 6.334710189838351653e+03 6.354175060649064108e+03 6.338771092682325616e+03 6.287192138023744519e+03 6.198063413432781999e+03 6.069947753762560751e+03 5.901351645377017121e+03 5.690731345775286172e+03
3.891676261475321553e+03 4.254496115602385544e+03 4.589971012305325530e+03 4.898068071874635280e+03 5.178606046089992560e+03 5.431262554796561744e+03 5.655581172767178941e+03 5.850978531079127606e+03 6.016751121052300732e+03 6.152082295255070676e+03 6.256049037716701605e+03 6.327628831989249193e+03 6.365706306683001458e+03 6.369080020948090350e+03 6.336468984765295318e+03 6.266519249699861575e+03 6.157810324372865580e+03 6.008861516497546290e+03 5.818138097241479045e+03 5.584057554918811547e+03
4.040781654850834911e+03 4.396488853388640564e+03 4.724389157557006911e+03 5.024391095436888463e+03 5.296254616881264155e+03 5.539598529870915627e+03 5.753907993968392475e+03 5.938541540676672412e+03 6.092738423245892591e+03 6.215625655078833006e+03 6.306225088220477119e+03 6.363460373837580846e+03 6.386163944287422964e+03 6.373083829438722205e+03 6.322890423605384967e+03 6.234183185861566017e+03 6.105497161086188498e+03 5.935309496511176803e+03 5.722045665545649172e+03 5.464085615793108445e+03
4.183378983900388448e+03 4.531794009957566232e+03 4.851918567810967943e+03 5.143602211320045171e+03 5.406545977649684573e+03 5.640309844859126315e+03 5.844320427141987238e+03 6.017878453196110058e+03 6.160166115252050076e+03 6.270254492945688980e+03 6.347110737081355182e+03 6.389605293062167220e+03 6.396518998286408532e+03 6.366550114326724724e+03 6.298321243483573198e+03 6.190386121129131425e+03 6.041236333285028195e+03 5.849307806152271951e+03 5.612987222100548024e+03 5.330618270866271814e+03
4.320052431637273003e+03 4.660976588725398869e+03 4.973103880207256225e+03 5.256224674545054768e+03 5.509980647958893314e+03 5.733872771221615039e+03 5.927269123805814161e+03 6.089412603495281473e+03 6.219428585223909067e+03 6.316332424457594243e+03 6.379036945096467207e+03 6.406359823458067694e+03 6.397030877374652846e+03 6.349699234792751668e+03 6.262940405969948188e+03 6.135263191893786825e+03 5.965116528985132391e+03 5.750896049004021734e+03 5.490950625863387359e+03 5.183588599627826625e+03
4.451033607962091082e+03 4.784263140746346835e+03 5.088166751843928978e+03 5.362475150359982763e+03 5.606770506143489001e+03 5.820494648668114678e+03 6.002957154876869026e+03 6.153343201157857038e+03 6.270721523515473564e+03 6.354052107754863755e+03 6.402193892034918463e+03 6.413912319169840885e+03 6.387886784841837652e+03 6.322717988885065097e+03 6.216935107462822089e+03 6.069002881054350837e+03 5.877328476861512172e+03 5.640268194225752268e+03 5.356134081026510103e+03 5.023200164431536905e+03
4.576438587418287170e+03 4.901771007314766393e+03 5.197226044907039068e+03 5.462474474167360313e+03 5.697038849931977893e+03 5.900301858240768524e+03 6.071514581528354938e+03 6.209804730603882490e+03 6.314184689053258808e+03 6.383559471515610312e+03 6.416734622635714004e+03 6.412423933583732833e+03 6.369257061179068842e+03 6.285787028082250799e+03 6.160497507710641912e+03 5.991810028234694983e+03 5.778090928898983293e+03 5.517658200317384399e+03 5.208788053963429775e+03 4.849721278659444579e+03
4.696437577615547525e+03 5.013666672191972793e+03 5.300444715067252218e+03 5.556382421634235470e+03 5.780942615489960190e+03 5.973448794160038233e+03 6.133093764602537703e+03 6.258947920390814033e+03 6.349967641909088343e+03 6.405003433575665440e+03 6.422807961813410657e+03 6.402043984770358293e+03 6.341292104482038667e+03 6.239058432300857021e+03 6.093781968805830729e+03 5.903841923459191094e+03 5.667564797336312949e+03 5.383231176048149791e+03 5.049082463208131230e+03 4.663327287723023801e+03
4.811158004581894602e+03 5.120074252902620174e+03 5.397944368403391309e+03 5.644318904808475963e+03 5.858600914397327870e+03 6.040054871055716831e+03 6.187815404596529334e+03 6.300896029085708506e+03 6.378197524688336671e+03 6.418516378987235839e+03 6.420553011928615888e+03 6.382919836377136562e+03 6.304149190201858801e+03 6.182701103420182335e+03 6.016970816703638775e+03 5.805296204618202864e+03 5.545964823553463248e+03 5.237221086098480555e+03 4.877272574483134122e+03 4.464296858902784152e+03
4.920637793377195521e+03 5.221034158385646151e+03 5.489769350519169166e+03 5.726333733866098555e+03 5.930070742279483966e+03 6.100186093277633518e+03 6.235756722642529894e+03 6.335739611620183496e+03 6.398980584006044410e+03 6.424222789719027787e+03 6.410115152423084510e+03 6.355220600470284808e+03 6.258024130242214596e+03 6.116940700746375114e+03 5.930322830514649468e+03 5.696468147487748865e+03 5.413626539312716886e+03 5.080007195451730695e+03 4.693785258886316115e+03 4.253108490110809726e+03
5.025015384905615065e+03 5.316682024902446756e+03 5.576053045490818477e+03 5.802558750016694830e+03 5.995483216239967078e+03 6.153973693987107254e+03 6.277049834476666547e+03 6.363612712410286804e+03 6.412453805424764141e+03 6.422263690636730644e+03 6.391640640357463781e+03 6.319099022866839732e+03 6.203077464770077313e+03 6.041946891528707056e+03 5.834018270110205776e+03 5.577550102098354728e+03 5.270755796253026347e+03 4.911810599178761549e+03 4.498858524310391658e+03 4.030018672345471259e+03
5.124376441515003535e+03 5.407104592160365428e+03 5.656884192206296575e+03 5.873085651026727646e+03 6.054934002906956266e+03 6.201518528386528487e+03 6.311802138969041152e+03 6.384630654338086970e+03 6.418741980330915794e+03 6.412774973470684017e+03 6.365278193903992360e+03 6.274718467481312473e+03 6.139489143621452968e+03 5.957918294668474118e+03 5.728276471654836314e+03 5.448784363435942396e+03 5.117620152637220599e+03 4.732926577182804067e+03 4.292817625569011398e+03 3.795385294468379016e+03
5.218742899425867108e+03 5.492331508181501704e+03 5.732301233094412055e+03 5.937963013606305140e+03 6.108483311064533154e+03 6.242893963995285048e+03 6.340101820436892922e+03 6.398898275117541743e+03 6.417968508767740786e+03 6.395900624592437453e+03 6.331194532076781798e+03 6.222270618454905161e+03 6.067478173151360352e+03 5.865103613275499811e+03 5.613378440553269684e+03 5.310486834271919179e+03 4.954573038469634412e+03 4.543748664706914496e+03 4.076099256320609129e+03 3.549690971657388218e+03
5.308190306939790389e+03 5.572442350960819567e+03 5.802388500595952792e+03 5.997280642791952232e+03 6.156227152403744185e+03 6.278203063129926704e+03 6.362059936283883872e+03 6.406535507831478753e+03 6.410263189295185839e+03 6.371781334158453319e+03 6.289542274397906112e+03 6.161921087151155007e+03 5.987224219797616570e+03 5.763697721914722933e+03 5.489535237837797467e+03 5.162885771407370157e+03 4.781861160822709280e+03 4.344543145274952622e+03 3.848990162556357973e+03 3.293243971508723916e+03
5.392871944244898259e+03 5.647585752648665220e+03 5.867289873132672255e+03 6.051177448483213993e+03 6.198299337163429300e+03 6.307574384114366694e+03 6.377799503839461067e+03 6.407659610692840943e+03 6.395737212448275386e+03 6.340521852616708202e+03 6.240419314139824564e+03 6.093760481132558198e+03 5.898810058786806621e+03 5.653774887158481761e+03 5.356812059879849585e+03 5.006036682048541479e+03 4.599529314581050130e+03 4.135343159952812130e+03 3.611510906397005328e+03 3.026051212357332588e+03
5.472991811306478667e+03 5.717951923390407501e+03 5.927180777824598408e+03 6.099813144293960249e+03 6.234842733405678700e+03 6.331132689295903219e+03 6.387425955880476977e+03 6.402355271549620738e+03 6.374453025752643953e+03 6.302160817172356474e+03 6.183838774572434886e+03 6.017774554938911024e+03 5.802192174635288211e+03 5.535260370934489401e+03 5.215100682420308658e+03 4.839795482804182029e+03 4.407395253713303646e+03 3.915925909528216835e+03 3.363395439190771413e+03 2.747800555557169446e+03
5.548758594890825407e+03 5.783729961557332899e+03 5.982229344153777674e+03 6.143333322701793804e+03 6.265978741636012273e+03 6.348973505663298965e+03 6.391007016181217296e+03 6.390660452618260933e+03 6.346416730729152732e+03 6.256670235450159453e+03 6.119736234640604380e+03 5.933860031399408399e+03 5.697225823371262777e+03 5.407965139989004456e+03 5.064165090519966725e+03 4.663876248677964213e+03 4.205120067032615225e+03 3.685896084705823341e+03 3.104188937969478957e+03 2.457974314956655235e+03
5.620289332969337920e+03 5.845023344664348770e+03 6.032524522096923647e+03 6.181811386561967083e+03 6.291764205890063749e+03 6.361135933032094727e+03 6.388562886431953302e+03 6.372575178674315794e+03 6.311606839972735543e+03 6.204005697612907170e+03 6.048042890876407000e+03 5.841922139189699010e+03 5.583788604008335824e+03 5.271737604576547710e+03 4.903822567811691442e+03 4.478063284340862083e+03 3.992453055550671252e+03 3.444966224174979743e+03 2.833564690753133618e+03 2.156204428992860358e+03
5.687657378952089857e+03 5.901893388125852653e+03 6.078114943655546085e+03 6.215282644431166773e+03 6.312220362643355656e+03 6.367626428472740372e+03 6.380084470001847876e+03 6.348074005617547300e+03 6.269980762610031888e+03 6.144106588793403716e+03 5.968679218687254433e+03 5.741861496893297044e+03 5.461760457754663548e+03 5.126435825364941593e+03 4.733908417308341086e+03 4.282168076596115498e+03 3.769180941317012184e+03 3.192896870453302199e+03 2.551256338584116293e+03 1.842196276514241617e+03
