2.000000000000000111e-01
2.051282051282051488e-01
2.102564102564102588e-01
2.153846153846153966e-01
2.205128205128205343e-01
2.256410256410256443e-01
2.307692307692307820e-01
2.358974358974358920e-01
2.410256410256410298e-01
2.461538461538461675e-01
2.512820512820512775e-01
2.564102564102564430e-01
2.615384615384615530e-01
2.666666666666666630e-01
2.717948717948718285e-01
2.769230769230769384e-01
2.820512820512820484e-01
2.871794871794871584e-01
2.923076923076923239e-01
2.974358974358974339e-01
3.025641025641025994e-01
3.076923076923077094e-01
3.128205128205128194e-01
3.179487179487179294e-01
3.230769230769230949e-01
3.282051282051282048e-01
3.333333333333333703e-01
3.384615384615384803e-01
3.435897435897435903e-01
3.487179487179487003e-01
3.538461538461538658e-01
3.589743589743589758e-01
3.641025641025641413e-01
3.692307692307692513e-01
3.743589743589743613e-01
3.794871794871794712e-01
3.846153846153846367e-01
3.897435897435897467e-01
3.948717948717949122e-01
4.000000000000000222e-01
