6.999999999999999556e-01
7.105263157894736725e-01
7.210526315789472784e-01
7.315789473684209954e-01
7.421052631578947123e-01
7.526315789473684292e-01
7.631578947368420351e-01
7.736842105263157521e-01
7.842105263157894690e-01
7.947368421052631859e-01
8.052631578947367919e-01
8.157894736842105088e-01
8.263157894736842257e-01
8.368421052631578316e-01
8.473684210526315486e-01
8.578947368421052655e-01
8.684210526315789824e-01
8.789473684210526994e-01
8.894736842105263053e-01
9.000000000000000222e-01
