2.000000000000000111e-01
2.105263157894737003e-01
2.210526315789473895e-01
2.315789473684210509e-01
2.421052631578947401e-01
2.526315789473684292e-01
2.631578947368421462e-01
2.736842105263158076e-01
2.842105263157894690e-01
2.947368421052631859e-01
3.052631578947368474e-01
3.157894736842105088e-01
3.263157894736842257e-01
3.368421052631579427e-01
3.473684210526315486e-01
3.578947368421052655e-01
3.684210526315789824e-01
3.789473684210526438e-01
3.894736842105263053e-01
4.000000000000000222e-01
