6.999999999999999556e-01
7.051282051282050656e-01
7.102564102564101756e-01
7.153846153846153966e-01
7.205128205128205066e-01
7.256410256410256165e-01
7.307692307692307265e-01
7.358974358974358365e-01
7.410256410256409465e-01
7.461538461538461675e-01
7.512820512820512775e-01
7.564102564102563875e-01
7.615384615384614975e-01
7.666666666666666075e-01
7.717948717948717174e-01
7.769230769230769384e-01
7.820512820512820484e-01
7.871794871794871584e-01
7.923076923076922684e-01
7.974358974358973784e-01
8.025641025641025994e-01
8.076923076923077094e-01
8.128205128205128194e-01
8.179487179487179294e-01
8.230769230769230393e-01
8.282051282051281493e-01
8.333333333333333703e-01
8.384615384615384803e-01
8.435897435897435903e-01
8.487179487179487003e-01
8.538461538461539213e-01
8.589743589743590313e-01
8.641025641025641413e-01
8.692307692307692513e-01
8.743589743589743613e-01
8.794871794871794712e-01
8.846153846153845812e-01
8.897435897435898022e-01
8.948717948717949122e-01
9.000000000000000222e-01
