2.500000000000000000e-01
2.525641025641025550e-01
2.551282051282051100e-01
2.576923076923076650e-01
2.602564102564102755e-01
2.628205128205128305e-01
2.653846153846153855e-01
2.679487179487179405e-01
2.705128205128204955e-01
2.730769230769230504e-01
2.756410256410256610e-01
2.782051282051282159e-01
2.807692307692307709e-01
2.833333333333333259e-01
2.858974358974358809e-01
2.884615384615384359e-01
2.910256410256409909e-01
2.935897435897436014e-01
2.961538461538461564e-01
2.987179487179487114e-01
3.012820512820512664e-01
3.038461538461538214e-01
3.064102564102564319e-01
3.089743589743589869e-01
3.115384615384615419e-01
3.141025641025640969e-01
3.166666666666666519e-01
3.192307692307692069e-01
3.217948717948717618e-01
3.243589743589743168e-01
3.269230769230769273e-01
3.294871794871794823e-01
3.320512820512820373e-01
3.346153846153845923e-01
3.371794871794871473e-01
3.397435897435897578e-01
3.423076923076923128e-01
3.448717948717948678e-01
3.474358974358974228e-01
3.499999999999999778e-01
