7.500000000000000000e-01
7.525641025641025550e-01
7.551282051282051100e-01
7.576923076923076650e-01
7.602564102564102200e-01
7.628205128205127750e-01
7.653846153846153300e-01
7.679487179487179960e-01
7.705128205128205510e-01
7.730769230769231060e-01
7.756410256410256610e-01
7.782051282051282159e-01
7.807692307692307709e-01
7.833333333333333259e-01
7.858974358974358809e-01
7.884615384615384359e-01
7.910256410256409909e-01
7.935897435897435459e-01
7.961538461538461009e-01
7.987179487179487669e-01
8.012820512820513219e-01
8.038461538461538769e-01
8.064102564102564319e-01
8.089743589743589869e-01
8.115384615384615419e-01
8.141025641025640969e-01
8.166666666666666519e-01
8.192307692307692069e-01
8.217948717948717618e-01
8.243589743589743168e-01
8.269230769230768718e-01
8.294871794871794268e-01
8.320512820512819818e-01
8.346153846153846478e-01
8.371794871794872028e-01
8.397435897435897578e-01
8.423076923076923128e-01
8.448717948717948678e-01
8.474358974358974228e-01
8.499999999999999778e-01
