# Mass [10^15 Msun]      sigma(M,z=0)
  0.0100000              1.5650991
  0.0102329              1.5587277
  0.0104713              1.5523695
  0.0107152              1.5460233
  0.0109648              1.5396902
  0.0112202              1.5333698
  0.0114815              1.5270619
  0.0117490              1.5207674
  0.0120226              1.5144852
  0.0123027              1.5082156
  0.0125893              1.5019590
  0.0128825              1.4957156
  0.0131826              1.4894852
  0.0134896              1.4832672
  0.0138038              1.4770624
  0.0141254              1.4708706
  0.0144544              1.4646916
  0.0147911              1.4585254
  0.0151356              1.4523725
  0.0154882              1.4462326
  0.0158489              1.4401049
  0.0162181              1.4339908
  0.0165959              1.4278892
  0.0169824              1.4218016
  0.0173780              1.4157265
  0.0177828              1.4096643
  0.0181970              1.4036159
  0.0186209              1.3975797
  0.0190546              1.3915570
  0.0194984              1.3855473
  0.0199526              1.3795507
  0.0204174              1.3735675
  0.0208930              1.3675977
  0.0213796              1.3616406
  0.0218776              1.3556967
  0.0223872              1.3497659
  0.0229087              1.3438485
  0.0234423              1.3379443
  0.0239883              1.3320535
  0.0245471              1.3261760
  0.0251189              1.3203114
  0.0257040              1.3144604
  0.0263027              1.3086222
  0.0269154              1.3027978
  0.0275423              1.2969867
  0.0281838              1.2911890
  0.0288403              1.2854046
  0.0295121              1.2796334
  0.0301995              1.2738758
  0.0309030              1.2681313
  0.0316228              1.2624003
  0.0323594              1.2566830
  0.0331131              1.2509787
  0.0338844              1.2452882
  0.0346737              1.2396108
  0.0354813              1.2339472
  0.0363078              1.2282968
  0.0371535              1.2226604
  0.0380189              1.2170369
  0.0389045              1.2114272
  0.0398107              1.2058312
  0.0407380              1.2002485
  0.0416869              1.1946796
  0.0426579              1.1891239
  0.0436516              1.1835821
  0.0446684              1.1780538
  0.0457088              1.1725391
  0.0467735              1.1670383
  0.0478630              1.1615505
  0.0489779              1.1560767
  0.0501187              1.1506164
  0.0512861              1.1451704
  0.0524808              1.1397371
  0.0537032              1.1343185
  0.0549541              1.1289130
  0.0562341              1.1235214
  0.0575440              1.1181437
  0.0588844              1.1127792
  0.0602559              1.1074289
  0.0616595              1.1020923
  0.0630957              1.0967693
  0.0645654              1.0914603
  0.0660693              1.0861651
  0.0676083              1.0808835
  0.0691831              1.0756159
  0.0707946              1.0703621
  0.0724436              1.0651221
  0.0741310              1.0598959
  0.0758578              1.0546836
  0.0776247              1.0494852
  0.0794328              1.0443008
  0.0812831              1.0391302
  0.0831764              1.0339736
  0.0851138              1.0288306
  0.0870964              1.0237017
  0.0891251              1.0185869
  0.0912011              1.0134859
  0.0933254              1.0083991
  0.0954993              1.0033261
  0.0977237              0.99826685
  0.100000              0.99322198
  0.102329              0.98819070
  0.104713              0.98317368
  0.107152              0.97817073
  0.109648              0.97318183
  0.112202              0.96820678
  0.114815              0.96324609
  0.117490              0.95829905
  0.120226              0.95336630
  0.123027              0.94844760
  0.125893              0.94354316
  0.128825              0.93865261
  0.131826              0.93377621
  0.134896              0.92891362
  0.138038              0.92406569
  0.141254              0.91923162
  0.144544              0.91441174
  0.147911              0.90960602
  0.151356              0.90481424
  0.154882              0.90003679
  0.158489              0.89527348
  0.162181              0.89052448
  0.165959              0.88578962
  0.169824              0.88106875
  0.173780              0.87636248
  0.177828              0.87167000
  0.181970              0.86699188
  0.186209              0.86232815
  0.190546              0.85767851
  0.194984              0.85304299
  0.199526              0.84842193
  0.204174              0.84381516
  0.208930              0.83922249
  0.213796              0.83464431
  0.218776              0.83008021
  0.223872              0.82553039
  0.229087              0.82099495
  0.234423              0.81647370
  0.239883              0.81196687
  0.245471              0.80747450
  0.251189              0.80299612
  0.257040              0.79853222
  0.263027              0.79408261
  0.269153              0.78964740
  0.275423              0.78522645
  0.281838              0.78081991
  0.288403              0.77642770
  0.295121              0.77204992
  0.301995              0.76768622
  0.309030              0.76333724
  0.316228              0.75900254
  0.323594              0.75468218
  0.331131              0.75037622
  0.338844              0.74608452
  0.346737              0.74180742
  0.354813              0.73754446
  0.363078              0.73329616
  0.371535              0.72906212
  0.380189              0.72484243
  0.389045              0.72063741
  0.398107              0.71644647
  0.407380              0.71227007
  0.416869              0.70810825
  0.426580              0.70396599
  0.436516              0.69983291
  0.446684              0.69571412
  0.457088              0.69160992
  0.467735              0.68752003
  0.478630              0.68344474
  0.489779              0.67938372
  0.501187              0.67533719
  0.512861              0.67130508
  0.524808              0.66728753
  0.537032              0.66328447
  0.549541              0.65929566
  0.562341              0.65532151
  0.575440              0.65136169
  0.588844              0.64741641
  0.602560              0.64348567
  0.616595              0.63956929
  0.630957              0.63566739
  0.645654              0.63178007
  0.660694              0.62790701
  0.676083              0.62404850
  0.691831              0.62020451
  0.707946              0.61637499
  0.724436              0.61255994
  0.741310              0.60875927
  0.758578              0.60497319
  0.776247              0.60119865
  0.794328              0.59744143
  0.812830              0.59369891
  0.831764              0.58997074
  0.851138              0.58625697
  0.870964              0.58255754
  0.891251              0.57887277
  0.912011              0.57520254
  0.933254              0.57154675
  0.954993              0.56790530
  0.977237              0.56427840
  1.00000              0.56066578
  1.02329              0.55706786
  1.04713              0.55348417
  1.07152              0.54991506
  1.09648              0.54636045
  1.12202              0.54282013
  1.14815              0.53929433
  1.17490              0.53578298
  1.20226              0.53228600
  1.23027              0.52880342
  1.25893              0.52533534
  1.28825              0.52188165
  1.31826              0.51844231
  1.34896              0.51501736
  1.38038              0.51160694
  1.41254              0.50821075
  1.44544              0.50482924
  1.47911              0.50146191
  1.51356              0.49810892
  1.54882              0.49477051
  1.58489              0.49144620
  1.62181              0.48813643
  1.65959              0.48484087
  1.69824              0.48155996
  1.73780              0.47829311
  1.77828              0.47504079
  1.81970              0.47180261
  1.86209              0.46857889
  1.90546              0.46536952
  1.94984              0.46217431
  1.99526              0.45899355
  2.04174              0.45582703
  2.08930              0.45267470
  2.13796              0.44953667
  2.18776              0.44641292
  2.23872              0.44330351
  2.29087              0.44020822
  2.34423              0.43712709
  2.39883              0.43406024
  2.45471              0.43100765
  2.51189              0.42796930
  2.57040              0.42494503
  2.63027              0.42193507
  2.69154              0.41893929
  2.75423              0.41595751
  2.81838              0.41298991
  2.88403              0.41003656
  2.95121              0.40709723
  3.01995              0.40417199
  3.09030              0.40126095
  3.16228              0.39836392
  3.23594              0.39548098
  3.31131              0.39261208
  3.38844              0.38975724
  3.46737              0.38691643
  3.54813              0.38408959
  3.63078              0.38127675
  3.71535              0.37847794
  3.80189              0.37569305
  3.89045              0.37292213
  3.98107              0.37016511
  4.07380              0.36742206
  4.16869              0.36469292
  4.26580              0.36197758
  4.36516              0.35927614
  4.46684              0.35658861
  4.57088              0.35391491
  4.67735              0.35125501
  4.78630              0.34860893
  4.89779              0.34597661
  5.01187              0.34335797
  5.12861              0.34075318
  5.24808              0.33816208
  5.37032              0.33558469
  5.49541              0.33302097
  5.62341              0.33047097
  5.75440              0.32793449
  5.88844              0.32541179
  6.02560              0.32290260
  6.16595              0.32040702
  6.30957              0.31792498
  6.45654              0.31545650
  6.60693              0.31300149
  6.76083              0.31056012
  6.91831              0.30813201
  7.07946              0.30571744
  7.24436              0.30331636
  7.41310              0.30092866
  7.58578              0.29855420
  7.76247              0.29619316
  7.94328              0.29384552
  8.12831              0.29151118
  8.31764              0.28919011
  8.51138              0.28688228
  8.70964              0.28458763
  8.91251              0.28230631
  9.12011              0.28003801
  9.33254              0.27778298
  9.54993              0.27554103
  9.77237              0.27331214
  10.0000              0.27109639
