# Mass [10^15 Msun]      bias(M,z=1)
  0.0100000              1.76052
  0.0102329              1.76973
  0.0104713              1.77903
  0.0107152              1.78843
  0.0109648              1.79792
  0.0112202              1.80751
  0.0114815              1.81721
  0.0117490              1.82700
  0.0120226              1.83689
  0.0123027              1.84689
  0.0125893              1.85700
  0.0128825              1.86720
  0.0131826              1.87752
  0.0134896              1.88795
  0.0138038              1.89848
  0.0141254              1.90912
  0.0144544              1.91988
  0.0147911              1.93076
  0.0151356              1.94174
  0.0154882              1.95285
  0.0158489              1.96407
  0.0162181              1.97541
  0.0165959              1.98688
  0.0169824              1.99847
  0.0173780              2.01018
  0.0177828              2.02202
  0.0181970              2.03398
  0.0186209              2.04608
  0.0190546              2.05830
  0.0194984              2.07066
  0.0199526              2.08315
  0.0204174              2.09578
  0.0208930              2.10855
  0.0213796              2.12145
  0.0218776              2.13450
  0.0223872              2.14769
  0.0229087              2.16103
  0.0234423              2.17451
  0.0239883              2.18814
  0.0245471              2.20192
  0.0251189              2.21586
  0.0257040              2.22995
  0.0263027              2.24420
  0.0269154              2.25860
  0.0275423              2.27317
  0.0281838              2.28790
  0.0288403              2.30279
  0.0295121              2.31785
  0.0301995              2.33308
  0.0309030              2.34849
  0.0316228              2.36406
  0.0323594              2.37982
  0.0331131              2.39575
  0.0338844              2.41186
  0.0346737              2.42816
  0.0354813              2.44464
  0.0363078              2.46132
  0.0371535              2.47818
  0.0380189              2.49523
  0.0389045              2.51248
  0.0398107              2.52993
  0.0407380              2.54759
  0.0416869              2.56544
  0.0426579              2.58351
  0.0436516              2.60178
  0.0446684              2.62027
  0.0457088              2.63897
  0.0467735              2.65789
  0.0478630              2.67703
  0.0489779              2.69640
  0.0501187              2.71599
  0.0512861              2.73582
  0.0524808              2.75588
  0.0537032              2.77617
  0.0549541              2.79671
  0.0562341              2.81749
  0.0575440              2.83852
  0.0588844              2.85980
  0.0602559              2.88133
  0.0616595              2.90312
  0.0630957              2.92517
  0.0645654              2.94749
  0.0660693              2.97008
  0.0676083              2.99293
  0.0691831              3.01607
  0.0707946              3.03948
  0.0724436              3.06318
  0.0741310              3.08717
  0.0758578              3.11145
  0.0776247              3.13603
  0.0794328              3.16091
  0.0812831              3.18609
  0.0831764              3.21158
  0.0851138              3.23739
  0.0870964              3.26351
  0.0891251              3.28996
  0.0912011              3.31673
  0.0933254              3.34384
  0.0954993              3.37128
  0.0977237              3.39907
  0.100000              3.42720
  0.102329              3.45569
  0.104713              3.48453
  0.107152              3.51374
  0.109648              3.54331
  0.112202              3.57326
  0.114815              3.60358
  0.117490              3.63429
  0.120226              3.66539
  0.123027              3.69689
  0.125893              3.72878
  0.128825              3.76109
  0.131826              3.79381
  0.134896              3.82695
  0.138038              3.86051
  0.141254              3.89450
  0.144544              3.92894
  0.147911              3.96382
  0.151356              3.99915
  0.154882              4.03494
  0.158489              4.07120
  0.162181              4.10792
  0.165959              4.14513
  0.169824              4.18283
  0.173780              4.22102
  0.177828              4.25971
  0.181970              4.29892
  0.186209              4.33864
  0.190546              4.37888
  0.194984              4.41966
  0.199526              4.46099
  0.204174              4.50286
  0.208930              4.54529
  0.213796              4.58828
  0.218776              4.63186
  0.223872              4.67602
  0.229087              4.72077
  0.234423              4.76612
  0.239883              4.81209
  0.245471              4.85868
  0.251189              4.90590
  0.257040              4.95377
  0.263027              5.00228
  0.269153              5.05146
  0.275423              5.10131
  0.281838              5.15185
  0.288403              5.20307
  0.295121              5.25501
  0.301995              5.30766
  0.309030              5.36103
  0.316228              5.41515
  0.323594              5.47002
  0.331131              5.52565
  0.338844              5.58205
  0.346737              5.63924
  0.354813              5.69724
  0.363078              5.75605
  0.371535              5.81568
  0.380189              5.87615
  0.389045              5.93748
  0.398107              5.99967
  0.407380              6.06275
  0.416869              6.12672
  0.426580              6.19152
  0.436516              6.25732
  0.446684              6.32407
  0.457088              6.39177
  0.467735              6.46044
  0.478630              6.53010
  0.489779              6.60077
  0.501187              6.67245
  0.512861              6.74518
  0.524808              6.81895
  0.537032              6.89380
  0.549541              6.96974
  0.562341              7.04679
  0.575440              7.12496
  0.588844              7.20428
  0.602560              7.28476
  0.616595              7.36643
  0.630957              7.44930
  0.645654              7.53339
  0.660694              7.61873
  0.676083              7.70534
  0.691831              7.79323
  0.707946              7.88244
  0.724436              7.97297
  0.741310              8.06486
  0.758578              8.15812
  0.776247              8.25287
  0.794328              8.34896
  0.812830              8.44650
  0.831764              8.54552
  0.851138              8.64603
  0.870964              8.74808
  0.891251              8.85167
  0.912011              8.95684
  0.933254              9.06362
  0.954993              9.17203
  0.977237              9.28210
  1.00000              9.39388
  1.02329              9.50736
  1.04713              9.62260
  1.07152              9.73962
  1.09648              9.85846
  1.12202              9.97914
  1.14815              10.1017
  1.17490              10.2262
  1.20226              10.3526
  1.23027              10.4810
  1.25893              10.6114
  1.28825              10.7438
  1.31826              10.8784
  1.34896              11.0150
  1.38038              11.1539
  1.41254              11.2949
  1.44544              11.4382
  1.47911              11.5837
  1.51356              11.7316
  1.54882              11.8818
  1.58489              12.0345
  1.62181              12.1896
  1.65959              12.3471
  1.69824              12.5073
  1.73780              12.6700
  1.77828              12.8353
  1.81970              13.0033
  1.86209              13.1741
  1.90546              13.3476
  1.94984              13.5239
  1.99526              13.7032
  2.04174              13.8853
  2.08930              14.0705
  2.13796              14.2587
  2.18776              14.4500
  2.23872              14.6445
  2.29087              14.8422
  2.34423              15.0431
  2.39883              15.2474
  2.45471              15.4551
  2.51189              15.6663
  2.57040              15.8809
  2.63027              16.0992
  2.69154              16.3212
  2.75423              16.5468
  2.81838              16.7763
  2.88403              17.0096
  2.95121              17.2469
  3.01995              17.4882
  3.09030              17.7336
  3.16228              17.9832
  3.23594              18.2370
  3.31131              18.4952
  3.38844              18.7577
  3.46737              19.0248
  3.54813              19.2965
  3.63078              19.5728
  3.71535              19.8539
  3.80189              20.1399
  3.89045              20.4308
  3.98107              20.7267
  4.07380              21.0278
  4.16869              21.3341
  4.26580              21.6458
  4.36516              21.9630
  4.46684              22.2856
  4.57088              22.6140
  4.67735              22.9481
  4.78630              23.2881
  4.89779              23.6340
  5.01187              23.9862
  5.12861              24.3445
  5.24808              24.7092
  5.37032              25.0804
  5.49541              25.4582
  5.62341              25.8427
  5.75440              26.2342
  5.88844              26.6326
  6.02560              27.0382
  6.16595              27.4510
  6.30957              27.8714
  6.45654              28.2992
  6.60693              28.7349
  6.76083              29.1784
  6.91831              29.6300
  7.07946              30.0898
  7.24436              30.5579
  7.41310              31.0346
  7.58578              31.5201
  7.76247              32.0144
  7.94328              32.5178
  8.12831              33.0304
  8.31764              33.5525
  8.51138              34.0842
  8.70964              34.6258
  8.91251              35.1773
  9.12011              35.7391
  9.33254              36.3114
  9.54993              36.8942
  9.77237              37.4880
  10.0000              38.0929
