# Mass [10^15 Msun]      dN/dz/dlnM(M,z=1) for 1 square degree
  0.0100000              1744.6257
  0.0102329              1693.8048
  0.0104713              1644.3189
  0.0107152              1596.0815
  0.0109648              1549.0681
  0.0112202              1503.2505
  0.0114815              1458.6034
  0.0117490              1415.1065
  0.0120226              1372.7264
  0.0123027              1331.4363
  0.0125893              1291.2164
  0.0128825              1252.0480
  0.0131826              1213.9032
  0.0134896              1176.7505
  0.0138038              1140.5790
  0.0141254              1105.3650
  0.0144544              1071.0774
  0.0147911              1037.7058
  0.0151356              1005.2263
  0.0154882              973.61695
  0.0158489              942.85584
  0.0162181              912.92763
  0.0165959              883.80899
  0.0169824              855.48884
  0.0173780              827.94383
  0.0177828              801.15017
  0.0181970              775.10195
  0.0186209              749.77257
  0.0190546              725.15036
  0.0194984              701.21346
  0.0199526              677.95106
  0.0204174              655.34610
  0.0208930              633.38314
  0.0213796              612.04291
  0.0218776              591.31350
  0.0223872              571.17919
  0.0229087              551.62956
  0.0234423              532.64771
  0.0239883              514.21686
  0.0245471              496.32987
  0.0251189              478.96761
  0.0257040              462.12069
  0.0263027              445.77257
  0.0269154              429.91765
  0.0275423              414.53896
  0.0281838              399.62483
  0.0288403              385.16468
  0.0295121              371.14647
  0.0301995              357.56122
  0.0309030              344.39198
  0.0316228              331.63456
  0.0323594              319.27680
  0.0331131              307.30591
  0.0338844              295.71518
  0.0346737              284.49244
  0.0354813              273.62881
  0.0363078              263.11472
  0.0371535              252.94222
  0.0380189              243.10045
  0.0389045              233.58157
  0.0398107              224.37714
  0.0407380              215.47815
  0.0416869              206.87651
  0.0426579              198.56331
  0.0436516              190.53255
  0.0446684              182.77497
  0.0457088              175.28321
  0.0467735              168.05092
  0.0478630              161.06873
  0.0489779              154.33168
  0.0501187              147.83115
  0.0512861              141.56231
  0.0524808              135.51626
  0.0537032              129.68879
  0.0549541              124.07177
  0.0562341              118.66003
  0.0575440              113.44735
  0.0588844              108.42696
  0.0602559              103.59419
  0.0616595              98.943132
  0.0630957              94.467841
  0.0645654              90.163483
  0.0660693              86.024570
  0.0676083              82.045769
  0.0691831              78.222216
  0.0707946              74.549280
  0.0724436              71.021722
  0.0741310              67.635176
  0.0758578              64.384989
  0.0776247              61.267033
  0.0794328              58.276444
  0.0812831              55.409488
  0.0831764              52.661887
  0.0851138              50.029278
  0.0870964              47.508273
  0.0891251              45.094903
  0.0912011              42.785360
  0.0933254              40.576157
  0.0954993              38.463520
  0.0977237              36.444301
  0.100000              34.515096
  0.102329              32.672476
  0.104713              30.913541
  0.107152              29.235135
  0.109648              27.634253
  0.112202              26.107870
  0.114815              24.653435
  0.117490              23.267895
  0.120226              21.948826
  0.123027              20.693512
  0.125893              19.499566
  0.128825              18.364374
  0.131826              17.285691
  0.134896              16.261107
  0.138038              15.288654
  0.141254              14.365919
  0.144544              13.490958
  0.147911              12.661680
  0.151356              11.876117
  0.154882              11.132466
  0.158489              10.428811
  0.162181              9.7634370
  0.165959              9.1346037
  0.169824              8.5406489
  0.173780              7.9800305
  0.177828              7.4511182
  0.181970              6.9524916
  0.186209              6.4827342
  0.190546              6.0404126
  0.194984              5.6242104
  0.199526              5.2328699
  0.204174              4.8651569
  0.208930              4.5198562
  0.213796              4.1958616
  0.218776              3.8920464
  0.223872              3.6073799
  0.229087              3.3408540
  0.234423              3.0914935
  0.239883              2.8583782
  0.245471              2.6406273
  0.251189              2.4373621
  0.257040              2.2477970
  0.263027              2.0711483
  0.269153              1.9066689
  0.275423              1.7536554
  0.281838              1.6114301
  0.288403              1.4793451
  0.295121              1.3567934
  0.301995              1.2431794
  0.309030              1.1379625
  0.316228              1.0406057
  0.323594              0.95060952
  0.331131              0.86749697
  0.338844              0.79081661
  0.346737              0.72014827
  0.354813              0.65507733
  0.363078              0.59523313
  0.371535              0.54024609
  0.380189              0.48978043
  0.389045              0.44351655
  0.398107              0.40114631
  0.407380              0.36239097
  0.416869              0.32698207
  0.426580              0.29471162
  0.436516              0.26525255
  0.446684              0.23841875
  0.457088              0.21403434
  0.467735              0.19188935
  0.478630              0.17180527
  0.489779              0.15361267
  0.501187              0.13715571
  0.512861              0.12228900
  0.524808              0.10887773
  0.537032              0.096795849
  0.549541              0.085926439
  0.562341              0.076163009
  0.575440              0.067405088
  0.588844              0.059561359
  0.602560              0.052547068
  0.616595              0.046283865
  0.630957              0.040700365
  0.645654              0.035730805
  0.660694              0.031314612
  0.676083              0.027398057
  0.691831              0.023928376
  0.707946              0.020860770
  0.724436              0.018153409
  0.741310              0.015768158
  0.758578              0.013670695
  0.776247              0.011828104
  0.794328              0.010215183
  0.812830              0.0088048525
  0.831764              0.0075739285
  0.851138              0.0065017379
  0.870964              0.0055696719
  0.891251              0.0047611610
  0.912011              0.0040612601
  0.933254              0.0034566471
  0.954993              0.0029354659
  0.977237              0.0024872157
  1.00000              0.0021025301
  1.02329              0.0017731853
  1.04713              0.0014918381
  1.07152              0.0012520830
  1.09648              0.0010482605
  1.12202              0.00087539830
  1.14815              0.00072916882
  1.17490              0.00060578201
  1.20226              0.00050193498
  1.23027              0.00041476466
  1.25893              0.00034179083
  1.28825              0.00028086647
  1.31826              0.00023014267
  1.34896              0.00018803176
  1.38038              0.00015317367
  1.41254              0.00012440068
  1.44544              0.00010072524
  1.47911              8.1300306e-05
  1.51356              6.5412923e-05
  1.54882              5.2460810e-05
  1.58489              4.1934196e-05
  1.62181              3.3407903e-05
  1.65959              2.6524222e-05
  1.69824              2.0986199e-05
  1.73780              1.6545410e-05
  1.77828              1.2997550e-05
  1.81970              1.0172894e-05
  1.86209              7.9324495e-06
  1.90546              6.1619426e-06
  1.94984              4.7680138e-06
  1.99526              3.6749193e-06
  2.04174              2.8210411e-06
  2.08930              2.1566838e-06
  2.13796              1.6419240e-06
  2.18776              1.2447245e-06
  2.23872              9.3954206e-07
  2.29087              7.0605640e-07
  2.34423              5.2821079e-07
  2.39883              3.9335959e-07
  2.45471              2.9157456e-07
  2.51189              2.1510351e-07
  2.57040              1.5792061e-07
  2.63027              1.1537066e-07
  2.69154              8.3863062e-08
  2.75423              6.0647958e-08
  2.81838              4.3631321e-08
  2.88403              3.1223297e-08
  2.95121              2.2223037e-08
  3.01995              1.5730045e-08
  3.09030              1.1071901e-08
  3.16228              7.7485822e-09
  3.23594              5.3912386e-09
  3.31131              3.7288059e-09
  3.38844              2.5634171e-09
  3.46737              1.7514012e-09
  3.54813              1.1890902e-09
  3.63078              8.0215228e-10
  3.71535              5.3760171e-10
  3.80189              3.5790289e-10
  3.89045              2.3665673e-10
  3.98107              1.5540393e-10
  4.07380              1.0133087e-10
  4.16869              6.5598536e-11
  4.26580              4.2155473e-11
  4.36516              2.6888548e-11
  4.46684              1.7020460e-11
  4.57088              1.0690499e-11
  4.67735              6.6616338e-12
  4.78630              4.1176976e-12
  4.89779              2.5243362e-12
  5.01187              1.5345598e-12
  5.12861              9.2492629e-13
  5.24808              5.5262906e-13
  5.37032              3.2725901e-13
  5.49541              1.9204469e-13
  5.62341              1.1165900e-13
  5.75440              6.4308952e-14
  5.88844              3.6684069e-14
  6.02560              2.0720861e-14
  6.16595              1.1587457e-14
  6.30957              6.4139696e-15
  6.45654              3.5134932e-15
  6.60693              1.9042686e-15
  6.76083              1.0209927e-15
  6.91831              5.4136301e-16
  7.07946              2.8383244e-16
  7.24436              1.4711059e-16
  7.41310              7.5356724e-17
  7.58578              3.8139940e-17
  7.76247              1.9069420e-17
  7.94328              9.4164584e-18
  8.12831              4.5910408e-18
  8.31764              2.2095196e-18
  8.51138              1.0493725e-18
  8.70964              4.9168387e-19
  8.91251              2.2723375e-19
  9.12011              1.0354434e-19
  9.33254              4.6511698e-20
  9.54993              2.0588752e-20
  9.77237              8.9784127e-21
  10.0000              3.8561510e-21
